base_weight_simple.pth: [1.0836386636342152, 0.6198274923039742, 0.4999853800920763, 0.4510153868410847, 0.40723389099435053, 0.3747772819089024, 0.3619520940599662, 0.3415458535056303, 0.3210656334563057, 0.30882642622237944, 0.3003642490201264, 0.28441213108230345, 0.27978522977223097, 0.27374091982939847, 0.27697695204035283, 0.25678800004642, 0.2544444981384592, 0.23984585766351657, 0.2271491581260568, 0.23695139077925445, 0.24424155602360717, 0.2326037558195221, 0.21534818115800913, 0.23765321779172413, 0.2263922451107022, 0.21951950543095963, 0.22611193199067225, 0.2065432843054482, 0.22127251140158563, 0.2076639181906634, 0.21165256226810292, 0.2188448866847718, 0.1987910784240013, 0.2096654710793259, 0.205917593890881, 0.2032288906991285, 0.19438545729214995, 0.1875105266376297, 0.19874770470922537, 0.19747122067331088, 0.18203180687803247, 0.2006271164925775, 0.18329775891583353, 0.19137438053492667, 0.18400349942567717, 0.18754529830056055, 0.18640228631374467, 0.1958133008195819, 0.17823829440393857, 0.17848796553590116, 0.1764870243694129, 0.17672552703188196, 0.17622505018960918, 0.19064767635350574, 0.18487380371235385, 0.17752329051101168, 0.16891443306463386, 0.1677944578304149, 0.16855366419840961, 0.16373346016892898, 0.18760157096208913, 0.18022042037089273, 0.1643686147634149, 0.1717594036641884, 0.1675202705138194, 0.17768516996414355, 0.16803362090202054, 0.16430208701087107, 0.16736180818464497, 0.1651873389388075]
base_weight_balanced.pth: [1.4963500436776542, 0.9333627481665155, 0.7921806960412772, 0.7281869001219375, 0.6752528049568138, 0.6341945984379294, 0.6211495708317647, 0.5821808278560638, 0.5584905976706213, 0.5475018523117103, 0.5336860295864615, 0.4883177184035676, 0.47736095078904245, 0.46914169516893894, 0.4547354949287849, 0.4518646358607626, 0.46430829531288775, 0.4366449381750409, 0.4360666840580037, 0.4207803887797661, 0.4248814580857557, 0.3974960190628228, 0.38992210514474623, 0.40036926121011424, 0.3907566744305513, 0.38331010185255865, 0.39638406212868865, 0.3817820903098229, 0.3819257386840216, 0.3843795919772422, 0.3720563220554846, 0.3725344547540835, 0.3850753239475855, 0.37215474011874433, 0.37097697594378254, 0.35764529819142304, 0.3486359090891608, 0.35063805836852235, 0.3470143244752396, 0.3431194029969744, 0.3469340372400315, 0.35113821279491136, 0.340837934844368, 0.34300692303247576, 0.34299588911604173, 0.3383409989008022, 0.32649484099728043, 0.3205283972443921, 0.33529056230000537, 0.3458286454231039, 0.33610069100121065, 0.31933616684509974, 0.33420458790099267, 0.3245392900341415, 0.32821834884067574, 0.31161742386939895, 0.3252604711714751, 0.3190246189486469, 0.30400460301944526, 0.31847316356185246, 0.31154754452972916, 0.3075603885520803, 0.31391736478990456, 0.3174553585081997, 0.3063185918498354, 0.3146365463930388, 0.3109335777143834, 0.30546232246526395, 0.3048094850857266]
base.pth: [1.3430554461557873, 1.127561606589717, 1.018744968148348, 0.9506828838055676, 0.8997432829523244, 0.85635903979292, 0.8229251380997522, 0.7927172616763477, 0.7665581701218885, 0.7329756058875484, 0.7188390663551418, 0.7096624919290196, 0.6818244162172374, 0.6647546514622843, 0.6504268733778409, 0.6505943323322648, 0.6339856985181865, 0.619937524937167, 0.6147605851538503, 0.599379154420135, 0.5861972644187436, 0.567805268190088, 0.568326061806663, 0.553862468244219, 0.5490524515066997, 0.5566126604874929, 0.5413974595345287, 0.5272642540262871, 0.5291987445094798, 0.5181925107445261, 0.5207416728974963, 0.4965780335586063, 0.49909792555244054, 0.505242321996799, 0.501499867478613, 0.49188244091992334, 0.49583192508999663, 0.48397044188315325, 0.47810495799720876, 0.4709353635315061, 0.4718110236791101, 0.46295897829847366, 0.45206372793948296, 0.45724417038089765, 0.4489247282542805, 0.4538024090500948, 0.45079140124147876, 0.45041558854650743, 0.43519315620263416, 0.44742370345214805, 0.4245286507181602, 0.43854993458824976, 0.430819409933224, 0.4172919156035968, 0.4347574300203386, 0.42493668675619384, 0.4235790502218523, 0.4193153748712917, 0.4251897970441938, 0.41305638333358385, 0.43787882459832494, 0.40898549138712803, 0.4060696967610038, 0.4126864371224992, 0.41249326348501464, 0.3976876694377106, 0.41749471499778257, 0.4007819330338204, 0.40120780600769684, 0.4147296209539911, 0.4042663427174288, 0.3964700191327841, 0.39744098976303643, 0.3959729603119809, 0.39078604501269437, 0.3940756777086274, 0.39182812521363247, 0.39516113678811016, 0.4032641705801778, 0.3949528192923014, 0.38980824006075904, 0.3836486774801028, 0.3867292239425993, 0.39706825105959037, 0.3793328034602376, 0.3816633323336592, 0.3800520693311597, 0.38426178683935613, 0.380000964397251, 0.376690003443079, 0.3788436749587358, 0.3868279828391846, 0.3826184199981564, 0.37672905658337935, 0.37715513438674875, 0.3826388202042076, 0.37036198025981193, 0.3759542773954152, 0.3684595271502391, 0.37681386858323224, 0.37525541824672876, 0.3730612826278501, 0.3697646333537873, 0.36487550352371173, 0.3664025390403892, 0.3688403545039715, 0.358486406185446, 0.3673323384261761, 0.36097099934474075, 0.37398207996643024, 0.35801405235879097, 0.35840948715363397, 0.3711812808470364, 0.3613077715383505, 0.3616361828772935, 0.37275269096440605, 0.3602477425199137, 0.3548018611697081, 0.36441210994232603, 0.34519729918182485, 0.3539979896283779, 0.3553035019254527, 0.34622071619474454, 0.3623057299911386, 0.3441004976876105, 0.3655636809741703, 0.3667969759246304, 0.3566543914795709, 0.3539739300807317, 0.3523173264593574, 0.3525567533011877, 0.34439376453952036, 0.3474694265194065, 0.3589122572256, 0.35699510736630696]
win10.pth: [1.315910888734714, 0.9251987818599672, 0.7831101794113484, 0.695281330120656, 0.6633485546407774, 0.6331528832977132, 0.6092485599508581, 0.5670746176741844, 0.5630805865507718, 0.5442936917146047, 0.5230276171089143, 0.5033607294624166, 0.4988256800890893, 0.4832110526834347, 0.471736195591069, 0.46792518243540165, 0.4677427984600843, 0.4620357153489608, 0.44348813385464425, 0.4262993135886599, 0.44542415266813234, 0.43696169000725416, 0.4271500134306361, 0.41936656185822896, 0.4193190850837286, 0.4138907851405846, 0.40629055362570193, 0.3948048132565595, 0.3960515948864379, 0.402278266500595, 0.385626850981814, 0.3962512959170249, 0.3766938926753148, 0.40098728802661565, 0.3780951525351798, 0.3723053349427475, 0.37824371405119117, 0.38032502865837525, 0.3703575179616148, 0.37730705287567406, 0.36784358703812886, 0.3612820556921552, 0.3633692470458589, 0.3493107971121637, 0.36174517768875575, 0.3606157290150029, 0.354024941722552, 0.35159572401596595, 0.3425001230581786, 0.34934133660885713, 0.3509411835797535, 0.3442505271166794, 0.3591753665155681, 0.34278041863626285, 0.34435367021103236, 0.33778176471128946, 0.35041427297532096, 0.34334181924892027, 0.3379240407384643, 0.3350002686817979, 0.33174487486366155, 0.3424754934024441, 0.33016286960752433, 0.3301582874138226, 0.32006492005126885, 0.32278813519912175, 0.3270462254105612, 0.3269334309553915, 0.32616852994921597, 0.332992882749369, 0.32339224363713304, 0.329323602796987, 0.32208585897965947, 0.3360581800861414, 0.32142950961178585]
win30.pth: [0.996389509202141, 0.6013340759059111, 0.4975537549985628, 0.4590118396132161, 0.4289283601042881, 0.41979031436980724, 0.3708700820701346, 0.3653441240810693, 0.36089725748079593, 0.33591269503946436, 0.3417983116322033, 0.3283137808334364, 0.305901074598733, 0.299876096268404, 0.28760257859456456, 0.28882380743730535, 0.27417962900970294, 0.2753163421275073, 0.2808222745798818, 0.28750631746833877, 0.26748249486293346, 0.26662932871681055, 0.26108348032020595, 0.2606532571824519, 0.247313204240608, 0.24853037556876306, 0.2481833630639983, 0.24642033305752264, 0.22988216890964136, 0.23761869429928215, 0.25262648386356484, 0.25677054918432946, 0.23245642719538862, 0.22481565180743962, 0.2177985459821857, 0.2217251021304174, 0.2209405909106988, 0.2260582866978318, 0.222785564356865, 0.22487270242153098, 0.216236042434209, 0.23233879855418368, 0.21497780538123587, 0.21044366656710956, 0.2139530597207748, 0.20007642220015248, 0.2015060554823286, 0.2011973105106733, 0.19345609240022912, 0.19706750208047352, 0.20487521023615274, 0.20927009817843648, 0.19860017890839474, 0.1919069828836405, 0.1879934557293727, 0.19699903674321398, 0.19242888419903964, 0.1849695236957046, 0.19422369200131032, 0.1860610920604472, 0.1967166080405974, 0.21671141116310857, 0.19959865466135318, 0.19476203553088742, 0.18023224652785322, 0.1860928501661023, 0.1888472807744957, 0.18135834157944272, 0.21771697707695875, 0.18539933334541608, 0.17605194660410864, 0.1800728820443358, 0.17511294730161092, 0.17504471335432212, 0.17888507669795842, 0.19135345919675767, 0.19070603247535856, 0.1794517058410279, 0.17037810261619174, 0.1716545505376716, 0.17109515286078442, 0.17670893232344523, 0.1848501687319587, 0.20288216359742856, 0.1722812956308006, 0.16444409821924139, 0.17370059317749342, 0.18135331042571254, 0.15993789252473437, 0.16620159179006344, 0.1822815176261508, 0.17163318799685012, 0.1666052976593341, 0.1755196528863034, 0.1827072371948229, 0.15781194555788414, 0.16089310452024488, 0.16811281519790672, 0.15922937964225609, 0.16267491898816974, 0.16988838853600097, 0.17620314051582556, 0.18276305365838638, 0.17313424247216852, 0.1590077242402688, 0.1549487833622183, 0.15752316574679018, 0.15620308425234847, 0.15968053599977247, 0.15884441590614326, 0.15500533642983638, 0.1635026050181697, 0.15567275646912015, 0.16774237756052607, 0.204003609972633, 0.1769167981675274]
base_peek5.pth: [1.4760862834776196, 1.2543286921167531, 1.1514334731762952, 1.0542644480667491, 0.960491408806036, 0.8984187134224982, 0.8084333873424593, 0.7640581416218194, 0.7258698026535928, 0.6942196168718558, 0.673435250819713, 0.6478039077406276, 0.6252174382359281, 0.6126444407618872, 0.6034257988331735, 0.5904303763565844, 0.5744523391275123, 0.5710868444969945, 0.5589917371965477, 0.5527320500254238, 0.5402866459325595, 0.5348034220265083, 0.5217969174628997, 0.5187866835802695, 0.5078022517386837, 0.49924534377288504, 0.4952483783559044, 0.4930386730153175, 0.48217645464557235, 0.4874116045610346, 0.48937849911919523, 0.4651759313573145, 0.47124729893191813, 0.46212464974264894, 0.45747459465914436, 0.4560115748014387, 0.46802371848534435, 0.45752810207333894, 0.44913578220326517, 0.4487977376570403, 0.44330625580285643, 0.44393748266272026, 0.4396027234127813, 0.4491819278045063, 0.4425770595620568, 0.4290392449980128, 0.43765609517152554, 0.43593410567285207, 0.424552248501935, 0.42451194351655813, 0.42488931862041107, 0.4232375207218793, 0.41284339724987645, 0.4174829194746395, 0.41723802169360735, 0.4126092780737987, 0.40702067605733083, 0.4050246407785038, 0.4073455031752193, 0.39604974633986406, 0.4073635485306038, 0.3981209643209728, 0.3976724842446472, 0.3963725579158701, 0.3882050158167043, 0.39172219998962415, 0.4085940670455643, 0.3897341935843131, 0.39832380310733717, 0.38185151609847257, 0.39597980518250575, 0.39031188418664553, 0.39179220367776285, 0.3839501225613918, 0.38785068543240575, 0.3799955940285925, 0.3755276090782074, 0.3866827772690518, 0.390583606049566, 0.3866347154915923, 0.36410882154313645, 0.37914678174080235, 0.384912034711822, 0.3758564783942581, 0.3817534371226928, 0.37232969765222507, 0.3846777899332172, 0.377054405069784, 0.37428163946068327, 0.3798491672517443, 0.36435283027072946]
gcn_nopool.pth: [1.1584488076738793, 0.7531814794532536, 0.6112094028751449, 0.5530527736684276, 0.5210913370052973, 0.48858219935949093, 0.4739495315174065, 0.4608107772302313, 0.4418325963193434, 0.42888148738802856, 0.4241720794549476, 0.4015172000962122, 0.3955920880088712, 0.388574384595498, 0.37336712096980695, 0.3613754685955866, 0.3675550889506592, 0.3528459733567222, 0.3514592519933634, 0.3375710789421604, 0.33996299757520754, 0.33974242997248183, 0.3233637329277032, 0.3256263725533344, 0.3250921354828888, 0.31615941701057326, 0.3162531174055421, 0.3077968003677063, 0.31214738258532565, 0.2990685637683758, 0.3057648680563217, 0.307108144801442, 0.2912466813973074, 0.28465541373483416, 0.29551386951219916, 0.2954278127490097, 0.28155915252249625, 0.28659228805956666, 0.2757496340046621, 0.2705373810020217, 0.2783960319637465, 0.27234447700749137, 0.26722185012481786, 0.2766047568358604, 0.2615841755231615, 0.2564329554883167, 0.2593139519687533, 0.2544478706081118, 0.26756835465777434, 0.26399612484542845, 0.26335247303589737, 0.26240339092049664, 0.2577331035394873, 0.2506437475728516, 0.25767819473993264, 0.2504793322174856, 0.2495863394498235, 0.2550874262089186, 0.24653780159137823, 0.24668765728278916, 0.24185448200149898, 0.24982511257082715, 0.2404183363511224, 0.24579844543888624, 0.24119729774914953, 0.2412992312323929, 0.2465678452953647, 0.23324584579802188, 0.23626056465968834, 0.23060640124696316, 0.23508859601597187, 0.2402247160230533, 0.2297888790493948, 0.22917806244034186, 0.22959107333923331, 0.22006941409689365, 0.2316282379499363, 0.22258028476545128, 0.22488799898980474, 0.2219127794426463, 0.22602698640904018, 0.22544464965661368, 0.21307835930792413, 0.21948566259478186, 0.22467727146477195, 0.2109300476797048, 0.2193294646519639, 0.22820821204053687, 0.21870198088510595, 0.22251660553830685, 0.21841579679362844, 0.216210840730974, 0.21046585060975734, 0.21578302418831552, 0.22096002730156722, 0.21193373552446712, 0.2061658204708359, 0.2219248505020299, 0.2184194682946693, 0.20591923986675323, 0.2090082148661708, 0.2186487702400771, 0.206479886350016, 0.2181766993879485, 0.204695245330975, 0.21639516204595566, 0.20953614336035825, 0.19828195899429887, 0.21318706662298822, 0.1998171765517087, 0.20156397268471152, 0.20276916344272028, 0.20010963768357098, 0.20137139367978565, 0.20718432055546507, 0.20430474527942466, 0.19739953834846272, 0.19843587022360795, 0.20894302010978802, 0.20642020917273196, 0.19909602044635874, 0.2002186363212543, 0.1958168485008254, 0.19700491443743604, 0.20033477030374822, 0.189751612950768, 0.186019198458777, 0.19340347679387224, 0.1996281307571792, 0.19566445975954777, 0.19132997196401305, 0.19875533168170317, 0.19769605860212455, 0.1902396315001812, 0.19609271150955274, 0.19543368984690004, 0.19393723008066122]
tcn_meanpool.pth: [1.0979108046187032, 0.7328599740569741, 0.6105316938346762, 0.5663463782162557, 0.521267572251877, 0.49358114290355454, 0.4709949346363741, 0.45917489711600956, 0.44191447510184234, 0.4109335480743509, 0.4157418323920505, 0.39952366290116076, 0.39648894911552024, 0.3714503845562636, 0.3640070450384625, 0.3597639486341193, 0.3540762353553237, 0.3516645534793929, 0.333190985589531, 0.33400763295861363, 0.32646350343727043, 0.32093451336862233, 0.3221688552363084, 0.31122215008578286, 0.32074249589895654, 0.3054113985583334, 0.2997068876136254, 0.2929123446050257, 0.30247242652838774, 0.29146489111257856, 0.2801703068338605, 0.2831657813376326, 0.27042139471560817, 0.27138395080029376, 0.268133345954489, 0.27202472127605193, 0.27371883237420924, 0.2628221582904114, 0.2534998551060264, 0.26411668066144384, 0.25441313871849486, 0.25477092859424383, 0.2493244216780458, 0.2573585886717236, 0.2502660500531149, 0.24572565185256523, 0.24051793070860428, 0.24280081738536508, 0.24437537086088665, 0.24413744843389729, 0.23805914725800945, 0.23956543094057456, 0.2264073045782917, 0.232257293481933, 0.2423405600435073, 0.22319915253828854, 0.22683815259744625, 0.22510073090543842, 0.22797689786051759, 0.22472403215693168, 0.22465515435479655, 0.22337095856223957, 0.23142820010238355, 0.22337390720942626, 0.2180844005381707, 0.21714158206194542, 0.22466108927091355, 0.21843061610908793, 0.21039012813381236, 0.21380872296618156, 0.2148985583027794, 0.20508641530775001, 0.2058427624109358, 0.21019794876770218, 0.20641627884393085, 0.20356492521149097, 0.2051813955059146, 0.2116746207815979, 0.1985635971558271, 0.19632806556403834, 0.21176738251406368, 0.20695582637102297, 0.20121847750871094, 0.21053936167715406, 0.20326044575830693, 0.20427729454961155, 0.19995942075580064, 0.2043118641370594, 0.19290781987480599, 0.2046691734073284, 0.2001570027210925, 0.20267996896464047, 0.19508807872584943, 0.1987485638619846, 0.18928419879142797, 0.1984208206593892, 0.19668832140983922, 0.19137408427599042, 0.18617805431630746, 0.19734562409076556, 0.18995805625056866, 0.20319593245341833, 0.1860417549378506, 0.18888087891558608, 0.1809735213630762, 0.19198323378689808, 0.1870815243707238, 0.19573261507666936, 0.18753394166087553, 0.18481163968249123, 0.17710025101383725, 0.18492595067020295, 0.18242802859434593, 0.17552399266474317, 0.19117958967884383, 0.18703663548325547, 0.18217779671398326, 0.18125755160973214, 0.18133864493075474, 0.17705605997282878, 0.18166410315031856, 0.1788704571323377, 0.17877073770407403, 0.17979352960590483]
tcn_weightpool.pth: [1.0735986905522865, 0.727101741844278, 0.6201231187523002, 0.5701674145243742, 0.5084928784138298, 0.486627064423986, 0.4516561019046865, 0.4365441994895243, 0.4202645635939274, 0.4043238474295871, 0.3835627641713265, 0.368419154789975, 0.374213781047969, 0.36063484193468254, 0.33661859460396343, 0.343164765574161, 0.3287476971499597, 0.3192517303004123, 0.31438673708108394, 0.3179403128895429, 0.2996466772833673, 0.29968307056639454, 0.2936362698920096, 0.285488486880123, 0.2861066344055799, 0.2825525115818867, 0.28480469761262633, 0.2865110156264636, 0.2705954506427738, 0.27285155877716866, 0.2655860644215011, 0.25773284006433517, 0.25902860685445295, 0.2594305676939857, 0.25808288921715794, 0.257975246990868, 0.25036801630170036, 0.24587391575079154, 0.24843600231281207, 0.24339112206654187, 0.23687134204254096, 0.2508993824150893, 0.2419011386314241, 0.2303030843732774, 0.22724087922388178, 0.2323940941209447, 0.2347565887145477, 0.23079523731871407, 0.22854911879000098, 0.23590353345221812, 0.2297518597208824, 0.21679342368451676, 0.22113181447776237, 0.2203620417480028, 0.22229793307558932, 0.21398066118261208, 0.2199154304272861, 0.21815728189626543, 0.21513665162592438, 0.21827975382702577, 0.21442029698945508, 0.21422273683493878, 0.20444921422565338, 0.2033626314363267, 0.2089086807772468, 0.20524352712698107, 0.20130917482791166, 0.21040456031415328, 0.19610788142646696, 0.1936905540144778, 0.19849915285487182, 0.19981610381563897, 0.19317591477419085, 0.20559142226285668, 0.1960415988054016, 0.20275409290991206, 0.19385909841153096, 0.1858399292029957, 0.1948059684790597, 0.19926660909953683, 0.19082373104645278, 0.19172168748065976, 0.19606702785213592, 0.1801729452098557, 0.18800792696796628, 0.19497605405821658, 0.18997624277970185, 0.19520681317612873, 0.18981463992015363, 0.18291743595165388, 0.19548678877625134, 0.18637939174306078, 0.19457040857462207, 0.1790089984193887, 0.17149315262367032, 0.18623851790483242, 0.18113532970373583, 0.18934786789389726, 0.1791703188576714, 0.1958153251460185, 0.17099546665086016, 0.18928216431880057, 0.18096979199094151, 0.18971943014329024, 0.18490844274327012, 0.17614051978113038, 0.17667778262333705, 0.17991750857642186, 0.17132725014594127, 0.17977046571278532, 0.18254087266601352]
doublehead_classifier.pth: [1.0182536299472595, 0.5258586680141613, 0.3809498798335739, 0.31313338320050693, 0.27971072268761427, 0.2617978894031874, 0.22610010425544808, 0.20496018187883663, 0.2173498406170225, 0.19317539978047016, 0.19433184088555105, 0.18255748873939215, 0.1667493544887788, 0.17952803164573, 0.17152304391656378, 0.14726696988389437, 0.14127307403648254, 0.12868074418687978, 0.16281937290192044, 0.14964622696830887, 0.14381627115135145, 0.1435941932077455, 0.12713362699491357, 0.1200757331703559, 0.1308786868188444, 0.12491306725877149, 0.11554132430220988, 0.12103653006968719, 0.12019803388529879, 0.13219384614857707, 0.10250205546002773, 0.09878894454944055, 0.11072013357488236, 0.11014302444979303, 0.10766314019267709, 0.10374893514875926, 0.10467844335946312, 0.08882853684473549, 0.10629268634830764, 0.09998158964854066, 0.10389820110704442, 0.1099542664001287, 0.09861645240201415, 0.09854631573453594, 0.09194208227909438, 0.09289540769686007, 0.0934544771344158, 0.09388983413183649]
probthreshold_classifier.pth: [0.9559907824686258, 0.48188702278945705, 0.3319596196263537, 0.2887127795640883, 0.24459598848454828, 0.20381693447641905, 0.17412886595454916, 0.17627716764789259, 0.1424024495120981, 0.13815855754081394, 0.1305556446098701, 0.1180773649484583, 0.10861806234224967, 0.10580341567488222, 0.11740553987569025, 0.09699036186620925, 0.08095476793703699, 0.09837908706114483, 0.08052740097253372, 0.0831589052096707, 0.0846872567203493, 0.06991469666531629, 0.09171258354174948, 0.06996331503225772, 0.08165946192601418, 0.07238120561806222, 0.06726759981450146, 0.06025362694664323, 0.05984183795783375, 0.06839590787479544, 0.060067140792435796, 0.07527047585678308, 0.05665547870077068, 0.04938757581506255, 0.05080058930429659, 0.06425070613100141, 0.053180071406675196, 0.06573994709047214, 0.06372658537912855, 0.051097739869598056, 0.04476805709207526, 0.06852786645289922, 0.04672708625310364, 0.050652719384617184, 0.04464180184225283, 0.044065021153469976, 0.04402266482882942, 0.052760338606705724, 0.04855146237323214, 0.054344065301187516, 0.04131878320260374, 0.041175163852536154, 0.03938583617101319, 0.030084673763634506, 0.04704695042289399, 0.035075771220585215, 0.04099804205820829, 0.03741069845767828, 0.03815664416253982, 0.043508555173872025, 0.03344473333415015, 0.029526617870390272, 0.03641775605385144, 0.037355508715906635, 0.03539622084599464, 0.036676793452606826, 0.03439519722911073, 0.03527662469620283, 0.04668043396145024, 0.039657650668928617, 0.0279235966760734, 0.0410602337482151, 0.03150100908465968, 0.026438877801266775, 0.046656961678266995, 0.041745089881353406, 0.022690633251399823, 0.037230070985045584, 0.031015951182996673, 0.028752325168218528, 0.03292365128997964, 0.02926417426871123, 0.0408570025514678, 0.02379165641487927, 0.030952598103422824, 0.03772222788009056, 0.0302422221902696]
