base: [1.1914501261002948, 0.7924807587079089, 0.6529783950780484, 0.5907553658627047, 0.5504309839443011, 0.5182929100474902, 0.5121767416645592, 0.4878639618162275, 0.4661729722329886, 0.45744672176664813, 0.44758417331936334, 0.4394252391734926, 0.4292903234167854, 0.41062431880841554, 0.41581175291892325, 0.40752892884680936, 0.38894333980559515, 0.3855091447975769, 0.38428042715925587, 0.39529638572691295, 0.3773193076843082, 0.36548514074028127, 0.364928076025283, 0.35951942768525763, 0.36124799373519695, 0.34792531608748356, 0.3549002383654267, 0.34503377833873916, 0.33476232006998347, 0.35007675626490375, 0.3322660626210395, 0.3386564209762186, 0.32655649942041626, 0.32970107887739397, 0.3280821803330195, 0.3191863062849926, 0.32772212266528566, 0.31771898043431074, 0.30943083236909935, 0.3104940601947284, 0.30950020106122045, 0.3112555657676344, 0.31878629902211747, 0.30140845681672834, 0.30224368932715345, 0.31282119556228716, 0.2971865254217642, 0.2935304496646321, 0.2954224246268225, 0.29394161492192705, 0.28934426519638634, 0.29233098757935827, 0.28006448112305243, 0.28444515713321494, 0.29991440998740715, 0.2906479245365256, 0.28952431868110157, 0.28272063260523006, 0.2858124234692098, 0.27473180982047574, 0.2821551353329479, 0.28317244569755623, 0.2734890491655557, 0.27628326797150937, 0.28145879148059944, 0.27475454697612883, 0.2846043897491477, 0.28017366893909157, 0.2743456852514752, 0.26992034572776, 0.2772783894989357, 0.2669825577499843, 0.26100439671734377, 0.2636535999798539, 0.26468469797581334, 0.27173124416039723, 0.2686507222380969, 0.2637532730356301, 0.2649295422749551, 0.25164064196961944, 0.27180150915982304, 0.25562957745574094, 0.26325035346026465, 0.2549335556996144, 0.25369703281584743, 0.25131631726183906, 0.26523804477732565, 0.25650620399036816, 0.2567047818560805, 0.25512812908726556, 0.2549484765937816, 0.2505238642147665, 0.25058426679705237, 0.24701077434489435, 0.258939388659921, 0.2520968092255073, 0.24290961739007788, 0.24929228391830283, 0.24551585035109677, 0.24516834298966347, 0.24177217289264447, 0.24039983389155306, 0.2462349570734371, 0.24653298377056326, 0.24974963629599845, 0.24299659366064733, 0.24542451882273844, 0.23756664911463315, 0.23271477432681784, 0.23526023911072477, 0.2439148654737095, 0.23334100070369518, 0.23644803923004531, 0.245110020779147, 0.2335592416228831, 0.2365647471162549, 0.24571678738291114, 0.2358309230444455, 0.22801077785124085, 0.23492110419784837, 0.23278091313077673, 0.23714059641701554, 0.23425111204090684, 0.2347249781878868, 0.23510380545415893, 0.22103248026357233, 0.23709612454075624, 0.23522038514366245, 0.23390399804799863, 0.2354653590533993, 0.23927682903733585, 0.2230869359997633, 0.23504547281774751, 0.23317668815650563, 0.21664016533999553, 0.21883809496418083, 0.2229610814316438, 0.23107056918464872, 0.22807756981047073, 0.22376883659425742, 0.2267273226783614, 0.21997550394840956, 0.22182290318726314, 0.22761030369760968, 0.22963822826054622]
weight_simple: [1.1007057943753285, 0.6291201712668139, 0.49151338474585277, 0.42435132989985713, 0.40739533801873523, 0.3848310311143548, 0.3333559422308069, 0.3317149793944343, 0.30491431706612654, 0.29275043502990955, 0.2970933278549229, 0.2824225286544353, 0.2741165049742944, 0.27512354826671453, 0.25583489027747225, 0.2708463707182667, 0.2612232653172103, 0.24205723975357837, 0.23711721289275897, 0.24059319555169284, 0.23527692145246878, 0.24425035524535493, 0.22414885515427038, 0.22333105284683774, 0.2347444427928122, 0.217916917891884, 0.21821729677787707, 0.2182308316181595, 0.21723325559162465, 0.22522153911909254, 0.2059545109767725, 0.21337758769394935, 0.22978736236445582, 0.2113354508042729, 0.2093557674843486, 0.21075567794908392, 0.21074152782116787, 0.19542525349670511, 0.18732686959231648, 0.19262307229461056, 0.20156933009476946, 0.1876779498145132, 0.19457830887029667, 0.19107187006979098, 0.18461995868153697, 0.1821460971983746, 0.18490188220890835, 0.18457836073764874, 0.18494709502450704, 0.1820780727827903, 0.18084535129343715, 0.16413373730019373, 0.18575176131902355, 0.17507884464543252, 0.1800303656620161, 0.1808666832277877, 0.17022028850643547, 0.18207650050127466, 0.17025661088600016, 0.17074538132931927, 0.1757895274720963, 0.17774829350829913]
weight_balanced: [1.4280484491842416, 0.858692587897329, 0.6662529195495958, 0.5880734089380837, 0.5409627950722629, 0.4964965809591533, 0.4659694400262518, 0.4571644825608817, 0.4359834632857798, 0.41158924087046, 0.3960670798574344, 0.3802658202181948, 0.37273803495928004, 0.37818578992149615, 0.36353186109770247, 0.36444217133836776, 0.3687487349356755, 0.3514567219188111, 0.33890728298390266, 0.3357189164647568, 0.3571325047525636, 0.33725553928035323, 0.33151412880656744, 0.3107014203524039, 0.3158155042592055, 0.3139609758905058, 0.3107756288482411, 0.3062943989048303, 0.3110843939897251, 0.3051857167590569, 0.30203344953237193, 0.29365916250169083, 0.29389346103266917, 0.31281070057118293, 0.28750754425627956, 0.2903697914858856, 0.2888264708442263, 0.2981423050066819, 0.28096146466019917, 0.28548885695021536, 0.289582527682136, 0.27627253662733353, 0.28281042478954044, 0.2726339903405004, 0.28684426455607903, 0.2754124427343359, 0.2686846593868221, 0.26181977050434246, 0.2777395927325727, 0.2695979653756217, 0.2767813379074087, 0.25487217312008636, 0.253069124660968, 0.273325121343726, 0.2723691017173304, 0.24534052925141336, 0.24742511578715673, 0.25033241562028924, 0.2459893960616376, 0.2562543830462415, 0.2572427298320402, 0.2554601840797824, 0.2584923209727007, 0.24372661272340482, 0.25423649372686646, 0.2505121818519268, 0.24360960980158042, 0.2434005397971314, 0.21987221176081365, 0.23440717432414346, 0.25150994988459563, 0.2318247546235917, 0.22969444265755096, 0.24161603466512346, 0.23441787768561062, 0.24909894492956672, 0.21757635399207423, 0.23563544169412587, 0.2318333260739597, 0.2349697715378437, 0.2379377011222021, 0.23188952742630106, 0.22480342239633253, 0.21870415025811776, 0.22193315440770423, 0.2276719076798694, 0.22732480558821863]
win10: [1.2671044632907986, 0.9086709389852923, 0.7847703056511028, 0.710538768144541, 0.6593600019466045, 0.6234168673670569, 0.5929919649926267, 0.5703561779602554, 0.5571879462678303, 0.5338426024992337, 0.5325627489260925, 0.5288110959321953, 0.49141439506711887, 0.49216514046109, 0.49684276743683703, 0.48479636100142504, 0.47359229526085445, 0.4623985199849735, 0.45848916320837746, 0.45976855397917504, 0.44858144962972446, 0.43491980173560074, 0.4283270570774411, 0.4428461810877157, 0.43621348347081695, 0.4266950999812562, 0.4209379404783249, 0.41928281144116275, 0.4108722047057263, 0.414165259620478, 0.421768109292485, 0.3997907062140546, 0.4099239557981491, 0.4070336037828017, 0.39557677305252975, 0.3924464892393859, 0.39598010217612106, 0.39364811275587525, 0.3840308054242023, 0.3942068357222764, 0.3783844194786493, 0.3756046243185221, 0.3894405088914457, 0.3924135756353999, 0.3669504228719445, 0.3787104131639466, 0.36958907585042394, 0.36814691822311674, 0.37682207188633987, 0.36992713133263033, 0.3628452947550966, 0.3687922094277171, 0.35350882441036463, 0.36734881662121116, 0.35076893701456313, 0.3571296715170376, 0.35583375639809195, 0.34694438404584116, 0.3657739361416, 0.35431946060338687, 0.35590431839227676, 0.3370645717363949, 0.3575189574224542, 0.34471953290608504, 0.3355737537896448, 0.3414951714780904, 0.3411406656337339, 0.34237440499339916, 0.33077888069457784, 0.3282641034082387, 0.3322271352359491, 0.3323548910922782, 0.33986029817267904, 0.33594970953787945, 0.3234189609571021, 0.3349958824268145, 0.3265997923679592, 0.3254916533654512, 0.3280449671338695, 0.32988460058736246, 0.321662756939267, 0.32236791176851404, 0.3145137637160545, 0.34376119755843815, 0.3220423938807591, 0.3235602158793183, 0.32772857155795243, 0.3082006903177546, 0.3237371712403242, 0.32945843606956243, 0.31546075203159984, 0.3227518237549667, 0.3170441461279411, 0.3213458421618439, 0.3185728325169216, 0.3204087535020455, 0.30352280658575914, 0.321410498560168, 0.30661722942609193, 0.3111392122137454, 0.31056027703507, 0.31045969448579375, 0.3160199362120425, 0.30719956143419874, 0.30680943095637847, 0.3136088148972323, 0.30132576161923336, 0.3170001185102056, 0.31693970469772353, 0.30689903025248255, 0.3053925296710443, 0.3033031853305739, 0.292854584580244, 0.3021833866892397, 0.29647805192327314, 0.292434719701608, 0.30151573764954426, 0.3024586676800436, 0.3043638915978661, 0.3124938963861891, 0.29201610701144204, 0.2893312954625418, 0.3034633945009505, 0.3021330016759015, 0.3004428326737049, 0.29648275953508163, 0.30409280924025434, 0.2878280925282905, 0.2920145101614239, 0.29629404259513514, 0.3002516177677831, 0.29883118603349657, 0.29241316401681233, 0.28449086894014086, 0.29310847244174904, 0.2905947077990502, 0.3024427984920583, 0.2960943813876126, 0.28325445834518403, 0.2885122503363347, 0.2838207183824491, 0.29125562064753946, 0.28883071743356165, 0.2889128471760787, 0.2893534523918647, 0.28568243137163707, 0.2895450842126395, 0.2856193087821783, 0.29338532845063725]
win30: [0.9776120007174511, 0.6677131261378185, 0.530717267972381, 0.45353742697418964, 0.42437125708336687, 0.40665261839565475, 0.385137037926053, 0.3686409945721212, 0.35337239971013584, 0.33217600624778176, 0.3255970913840104, 0.30774290614188127, 0.3028166312681728, 0.3038220276685274, 0.30482447400126494, 0.29056542299398025, 0.310046618944993, 0.2988832784258255, 0.2794291307847069, 0.280804661731289, 0.25751205426331786, 0.26998716729183764, 0.26683671038504053, 0.25736284785364805, 0.25907941140422014, 0.2377967947358223, 0.24974976376858402, 0.2705681864896819, 0.2505872837125028, 0.25317745608036796, 0.24078030934188627, 0.24373653765503547, 0.2319759221074067, 0.23688556109842773, 0.24293993071608194, 0.25948317406924964, 0.23396556991955916, 0.21700597446181683, 0.2140790576528698, 0.21925314758782802, 0.22314811381990904, 0.2318284359570908, 0.23450989861817054, 0.22513745154853, 0.22070102583727794, 0.2075513876131171, 0.22365511432972052, 0.20979646488052348, 0.20467531705782396, 0.20013078848577745, 0.19821571838323804, 0.2003413836985349, 0.2028532345913504, 0.2087132557459363, 0.1934027959437065, 0.1986831831372848, 0.2016034359346811, 0.2006162026432477, 0.18968455662984973, 0.19108521271160286, 0.18932225007043824, 0.18984802342201124, 0.18263171990860244, 0.19109410957541972, 0.19503954277084543, 0.18177706043255137, 0.19341248829099958, 0.18358679342529047, 0.1876597579747643, 0.18052881326978212, 0.1720974168487669, 0.18312803078741177, 0.19353300962145323, 0.1808407612366589, 0.1720868458489736, 0.16729637249042567, 0.17600478901095193, 0.1789329886368265, 0.18728168793150504, 0.19268083308335368, 0.18174069938708087, 0.17008240725546733, 0.16488318025503196, 0.17165463725936086, 0.1742013462262923, 0.17453610009643797, 0.1652717506235947, 0.18197942327801778, 0.17943327134854462, 0.1791314814640401, 0.16533305015611022, 0.17082161701964194, 0.16541817311828347]
gcn_nopool: [1.111399535298741, 0.7573065025971668, 0.6292544840389352, 0.5764809926547626, 0.5379279757490253, 0.5013910262498131, 0.48213857776261004, 0.4477647703276216, 0.4426689373187893, 0.426372615712704, 0.4201560642312069, 0.40747748212058943, 0.399865386165408, 0.38714918946669047, 0.3867890902675024, 0.3668855778602484, 0.36775923451476367, 0.37055652623031005, 0.3596615466741052, 0.35997507000717, 0.3433962506134518, 0.3495007438874087, 0.3460395351888323, 0.3362787148297423, 0.34361449884797873, 0.32683217353356553, 0.3263230963115252, 0.3170422234452597, 0.3198395388895529, 0.31041145105861595, 0.3140523133694929, 0.30734749689157254, 0.3020043002054243, 0.30178683479823687, 0.29820577945351207, 0.300946753582742, 0.2983865528167671, 0.292152502822994, 0.2818530983116367, 0.2910427168847704, 0.2797314152121544, 0.29255028986203, 0.2843102831946741, 0.2787248655760249, 0.2793019770739889, 0.27807377101761277, 0.2764182230058086, 0.2687850701361403, 0.2745358769600541, 0.25457702277123734, 0.27347897096435625, 0.26641162191041234, 0.2668086870176957, 0.2664488027911178, 0.26202334404581845, 0.25732675214411793, 0.25338287174504975, 0.2543938342149895, 0.25206698187113596, 0.25211845188349385, 0.25706008177484224, 0.24790476060936553, 0.25266033642166125, 0.25294656746655014, 0.2525549145667466, 0.24854561202105122, 0.2533174919044421, 0.24181062124497427, 0.24868795815424952, 0.24866487909563303, 0.24034735582547612, 0.24134035359318107, 0.23146751258682102, 0.24039371170275675, 0.23653027602154822, 0.24078239364051582, 0.2423540129765819, 0.2393998601304816, 0.2505133889566357, 0.2429978223548274, 0.23414244138860074, 0.23404590976071044, 0.2312746049817836, 0.2297760605836662, 0.22881797259741096, 0.2238159777578151, 0.22467131079128472, 0.23621303927485304, 0.2313846461106055, 0.23040119885611454, 0.21544483752779836, 0.21995475841532447, 0.22261426178584792, 0.2251083009781027, 0.22007737954211706, 0.23319305238550644, 0.2182116516967221, 0.21912890769811746, 0.21317471185139697, 0.22590873507235704, 0.22116867210654537, 0.21215731590346928, 0.2172939945442645, 0.21653898239824246, 0.21803426882098415, 0.21709423301981226, 0.21797383654088076, 0.21600361693367706, 0.21358807895197332, 0.21532307715207435, 0.2103163424153926, 0.1992896519564461, 0.21860818968157564, 0.20498801528079674, 0.21140737550044217, 0.2021899360167508, 0.21205325766463484, 0.21220056609352037, 0.2056067914582125, 0.21567858410107815, 0.21928479361406253, 0.20361835019595356]
tcn_meanpool: [1.0838650779755596, 0.7348114397659553, 0.6105244492146835, 0.5453874948788004, 0.5227173496000838, 0.48704904278512834, 0.4639602670870205, 0.44230819732049115, 0.41862669508449313, 0.406712143039546, 0.392909096363354, 0.3902649524630887, 0.3724520647093014, 0.3597234068530621, 0.361625970614822, 0.35180464377104254, 0.333259580798275, 0.34145499923244954, 0.33577525345209014, 0.3377419641431999, 0.3173883348801742, 0.3169937766473679, 0.3056704290580041, 0.3004718117981461, 0.3119660316422434, 0.29204099876160666, 0.2941076414960839, 0.2957171609889556, 0.29287164439462593, 0.2855500014554156, 0.29519588913362804, 0.2736668370098564, 0.2753718241360715, 0.2711449397524985, 0.27195079415643175, 0.2660239958527065, 0.26300809643056133, 0.2641884703250608, 0.26213031520347785, 0.2515382046500842, 0.2533938009845148, 0.27032223874979683, 0.25772511941863363, 0.24401089674470447, 0.25293939995883713, 0.2511653156809681, 0.2459017444070023, 0.23815872222676923, 0.24484287694145743, 0.2475232710268828, 0.23784992081595727, 0.23482332314693494, 0.23668358579474708, 0.2326675279576196, 0.23776156805062254, 0.22854117021308873, 0.23172580032753864, 0.23259879092965582, 0.22805855485300222, 0.226967488652212, 0.21969867759559414, 0.2157273197380623, 0.2258934431982906, 0.2151759053663452, 0.22298062966503326, 0.2091069455710378, 0.21135490193422085, 0.21380306905744098, 0.21951868281801148, 0.220069669027238, 0.21705429421940653, 0.21802344800222037, 0.20866553897265555, 0.21796949446299682, 0.21311869531279742, 0.20705504472007846, 0.2105237569155866, 0.21492804886877734, 0.20373766280391034, 0.2028097124776431, 0.21379629148803528, 0.20682640920820408, 0.20402292774455383, 0.21148752518268701, 0.20033870437628168, 0.19901564835321786, 0.20634815696835912, 0.21018060183662787, 0.1838904628069094, 0.1999892372293736, 0.19375151743737384, 0.1939517970906921, 0.19411445642658587, 0.20368498209064748, 0.20581016476840863, 0.19660244819403874, 0.19400459192324393, 0.1914652749133779, 0.19770360202605378]
tcn_weightpool: [1.0170573190887375, 0.7201816647162925, 0.594575700291706, 0.5436035911045453, 0.5108079134237649, 0.4866045557036258, 0.4520603594410144, 0.4360885289635989, 0.4235253984188483, 0.3920793236777334, 0.3904804017136593, 0.38668553184459703, 0.3664067619212783, 0.35220290499158424, 0.34578013693047044, 0.33590003939056556, 0.3294015563655608, 0.33237249566481847, 0.32273439927758163, 0.3154321846985581, 0.3172828477404692, 0.30803159993178775, 0.29899618514005105, 0.2987124799649314, 0.29485582238180014, 0.289526807371736, 0.2881539617926374, 0.28553483903211335, 0.2795568502972228, 0.27357701971979426, 0.27111795999527766, 0.2733774833110693, 0.2697089271429348, 0.2615000019372493, 0.2601090537341121, 0.27094047643219676, 0.26767458534329247, 0.2545465359175363, 0.2502006309801596, 0.24865642017853928, 0.2457440301112019, 0.2514687789352027, 0.25342199068651733, 0.2440007572421933, 0.2436440795930502, 0.23841277495174124, 0.23213157516353988, 0.24646322266890272, 0.24162907573846307, 0.23293630557485145, 0.2375866310800066, 0.22982031994625288, 0.23810183404400798, 0.2374226276151123, 0.23791922643633173, 0.21744155342822816, 0.23110358443467727, 0.2111743140609154, 0.21767272904711982, 0.21761619091869974, 0.22384933769555376, 0.21597737797440672, 0.21945716969349202, 0.22063613096528714, 0.22140896070760863, 0.22268049819118316, 0.22107141932761512, 0.21889335049851105]
doublehead_classifier: [0.9902984999587433, 0.48220572219823454, 0.3474671234047846, 0.29085472417940006, 0.2534189005766568, 0.22498176459579577, 0.20828591899411514, 0.18935541259032665, 0.1766164112504166, 0.16506121485884434, 0.14794218659450117, 0.16152704729646347, 0.14630975906211552, 0.15692999325815601, 0.13564293386519152, 0.13923000238171898, 0.13948610250410862, 0.1322092571397229, 0.13719832807435062, 0.11908099395238331, 0.12630485821970225, 0.11379800328720521, 0.12506234028035462, 0.09835205686957922, 0.10841784558009983, 0.11528731570287112, 0.10462913402162566, 0.11831059194978315, 0.11162987805091508, 0.103003685728404, 0.09949453261745449, 0.10431545401735864, 0.09941340920825799, 0.09611340320788987, 0.10654084540583907, 0.09425233727437828, 0.10145521707365615, 0.09089484204086337, 0.10615777101355417, 0.08286814754921021, 0.0944635238277145, 0.09213767501928231, 0.07834202600735249, 0.0880611417292565, 0.0808195363385941, 0.07670660541322169, 0.077813138748848, 0.08674896229365871, 0.08012293706411379, 0.09122936681478527, 0.09215425334797048, 0.07795817249457632, 0.07307664451278476, 0.07481838071798727, 0.08010719982728903, 0.08843282924307258, 0.07255440674992678, 0.07962698997812893, 0.08251629792547266, 0.09035708518582013, 0.06934434260324676, 0.07282255968638379, 0.06848274816823478, 0.09723771912454575, 0.0830445547246992, 0.06636265957291566, 0.07474530282316624, 0.06951012050505519, 0.08169424113365684, 0.06291691838416329, 0.07736146113783023, 0.08538674405182746, 0.06121035178404043, 0.06885744338676875, 0.07126605839594559, 0.06664977340095311, 0.06802620615183126, 0.06609428592222949, 0.07092684063531778, 0.059245733507346396, 0.07927754860703308, 0.06357290512780742, 0.056738726333668915, 0.07951744933837022, 0.06911864308117836, 0.08010829777976271, 0.07224928304282549, 0.0582818922343919, 0.07241487142202681, 0.07544125490529899, 0.06134843394750416, 0.06993452497687278, 0.05956842455238399]
probthreshold_classifier: [0.8568739821710208, 0.38676885294147056, 0.2610276129570092, 0.21650489317806493, 0.1783232183330892, 0.158301995231896, 0.1413132980651846, 0.13227214870886822, 0.11180173754426974, 0.09934868221017516, 0.10230706353816311, 0.0930331123035352, 0.09394979134905874, 0.1124941720657985, 0.09126371053710623, 0.08108790508581314, 0.08308059500237211, 0.07760270076889157, 0.07190937900129266, 0.07562724730824412, 0.07590171696734231, 0.06988971593158501, 0.06309383396322842, 0.06968460457917497, 0.06228583025880136, 0.05706723072394543, 0.06452599200198202, 0.05898619811893933, 0.061628778643245084, 0.048997983489339834, 0.059127159494093674, 0.05258796561393916, 0.0546480359007186, 0.054091028908197294, 0.052017226568489484, 0.048951669487884736, 0.04867190801981904, 0.04606883741481358, 0.04763727912001378, 0.04464999223528019, 0.03520677031418426, 0.04175638634274562, 0.045778499843880535, 0.04837105609809748, 0.04628816380483402, 0.043357172818984505, 0.035691013676234444, 0.03771331336443092, 0.04358835266638419, 0.053074685975300455, 0.04379000766618714]
